64
1 1 1 1 1 1 1 1 1 1 1 1 1 1 1 1 1 1 1 1 1 1 1 1 1 1 0 0 0 0 0 0 0 0 0 0 0 0 0 0 0 0 0 0 0 0 0 0 0 0 0 0 0 0 0 0 0 0 0 0 0 0 0 0
1 1 1 1 1 1 1 1 1 1 1 1 1 1 1 1 1 1 1 1 1 1 1 1 1 1 0 0 0 0 0 0 0 0 0 0 0 0 0 0 0 0 0 0 0 0 0 0 0 0 0 0 0 0 0 0 0 0 0 0 0 0 0 0
1 1 1 1 1 1 1 1 1 1 1 1 1 1 1 1 1 1 1 1 1 1 1 1 1 1 0 0 0 0 0 0 0 0 0 0 0 0 0 0 0 0 0 0 0 0 0 0 0 0 0 0 0 0 0 0 0 0 0 0 0 0 0 0
1 1 1 1 1 1 1 1 1 1 1 1 1 1 1 1 1 1 1 1 1 1 1 1 1 1 0 0 0 0 0 0 0 0 0 0 0 0 0 0 0 0 0 0 0 0 0 0 0 0 0 0 0 0 0 0 0 0 0 0 0 0 0 0
1 1 1 1 1 1 1 1 1 1 1 1 1 1 1 1 1 1 1 1 1 1 1 1 1 1 0 0 0 0 0 0 0 0 0 0 0 0 0 0 0 0 0 0 0 0 0 0 0 0 0 0 0 0 0 0 0 0 0 0 0 0 0 0
1 1 1 1 1 1 1 1 1 1 1 1 1 1 1 1 1 1 1 1 1 1 1 1 1 1 0 0 0 0 0 0 0 0 0 0 0 0 0 0 0 0 0 0 0 0 0 0 0 0 0 0 0 0 0 0 0 0 0 0 0 0 0 0
1 1 1 1 1 1 1 1 1 1 1 1 1 1 1 1 1 1 1 1 1 1 1 1 1 1 0 0 0 0 0 0 0 0 0 0 0 0 0 0 0 0 0 0 0 0 0 0 0 0 0 0 0 0 0 0 0 0 0 0 0 0 0 0
1 1 1 1 1 1 1 1 1 1 1 1 1 1 1 1 1 1 1 1 1 1 1 1 1 1 0 0 0 0 0 0 0 0 0 0 0 0 0 0 0 0 0 0 0 0 0 0 0 0 0 0 0 0 0 0 0 0 0 0 0 0 0 0
1 1 1 1 1 1 1 1 1 1 1 1 1 1 1 1 1 1 1 1 1 1 1 1 1 1 0 0 0 0 0 0 0 0 0 0 0 0 0 0 0 0 0 0 0 0 0 0 0 0 0 0 0 0 0 0 0 0 0 0 0 0 0 0
1 1 1 1 1 1 1 1 1 1 1 1 1 1 1 1 1 1 1 1 1 1 1 1 1 1 0 0 0 0 0 0 0 0 0 0 0 0 0 0 0 0 0 0 0 0 0 0 0 0 0 0 0 0 0 0 0 0 0 0 0 0 0 0
1 1 1 1 1 1 1 1 1 1 1 1 1 1 1 1 1 1 1 1 1 1 1 1 1 1 0 0 0 0 0 0 0 0 0 0 0 0 0 0 0 0 0 0 0 0 0 0 0 0 0 0 0 0 0 0 0 0 0 0 0 0 0 0
1 1 1 1 1 1 1 1 1 1 1 1 1 1 1 1 1 1 1 1 1 1 1 1 1 1 0 0 0 0 0 0 0 0 0 0 0 0 0 0 0 0 0 0 0 0 0 0 0 0 0 0 0 0 0 0 0 0 0 0 0 0 0 0
1 1 1 1 1 1 1 1 1 1 1 1 1 1 1 1 1 1 1 1 1 1 1 1 1 1 0 0 0 0 0 0 0 0 0 0 0 0 0 0 0 0 0 0 0 0 0 0 0 0 0 0 0 0 0 0 0 0 0 0 0 0 0 0
1 1 1 1 1 1 1 1 1 1 1 1 1 1 1 1 1 1 1 1 1 1 1 1 1 1 0 0 0 0 0 0 0 0 0 0 0 0 0 0 0 0 0 0 0 0 0 0 0 0 0 0 0 0 0 0 0 0 0 0 0 0 0 0
1 1 1 1 1 1 1 1 1 1 1 1 1 1 1 1 1 1 1 1 1 1 1 1 1 1 0 0 0 0 0 0 0 0 0 0 0 0 0 0 0 0 0 0 0 0 0 0 0 0 0 0 0 0 0 0 0 0 0 0 0 0 0 0
1 1 1 1 1 1 1 1 1 1 1 1 1 1 1 1 1 1 1 1 1 1 1 1 1 1 0 0 0 0 0 0 0 0 0 0 0 0 0 0 0 0 0 0 0 0 0 0 0 0 0 0 0 0 0 0 0 0 0 0 0 0 0 0
1 1 1 1 1 1 1 1 1 1 1 1 1 1 1 1 1 1 1 1 1 1 1 1 1 1 0 0 0 0 0 0 0 0 0 0 0 0 0 0 0 0 0 0 0 0 0 0 0 0 0 0 0 0 0 0 0 0 0 0 0 0 0 0
1 1 1 1 1 1 1 1 1 1 1 1 1 1 1 1 1 1 1 1 1 1 1 1 1 1 0 0 0 0 0 0 0 0 0 0 0 0 0 0 0 0 0 0 0 0 0 0 0 0 0 0 0 0 0 0 0 0 0 0 0 0 0 0
1 1 1 1 1 1 1 1 1 1 1 1 1 1 1 1 1 1 1 1 1 1 1 1 1 1 0 0 0 0 0 0 0 0 0 0 0 0 0 0 0 0 0 0 0 0 0 0 0 0 0 0 0 0 0 0 0 0 0 0 0 0 0 0
1 1 1 1 1 1 1 1 1 1 1 1 1 1 1 1 1 1 1 1 1 1 1 1 1 1 0 0 0 0 0 0 0 0 0 0 0 0 0 0 0 0 0 0 0 0 0 0 0 0 0 0 0 0 0 0 0 0 0 0 0 0 0 0
1 1 1 1 1 1 1 1 1 1 1 1 1 1 1 1 1 1 1 1 1 1 1 1 1 1 0 0 0 0 0 0 0 0 0 0 0 0 0 0 0 0 0 0 0 0 0 0 0 0 0 0 0 0 0 0 0 0 0 0 0 0 0 0
1 1 1 1 1 1 1 1 1 1 1 1 1 1 1 1 1 1 1 1 1 1 1 1 1 1 0 0 0 0 0 0 0 0 0 0 0 0 0 0 0 0 0 0 0 0 0 0 0 0 0 0 0 0 0 0 0 0 0 0 0 0 0 0
1 1 1 1 1 1 1 1 1 1 1 1 1 1 1 1 1 1 1 1 1 1 1 1 1 1 0 0 0 0 0 0 0 0 0 0 0 0 0 0 0 0 0 0 0 0 0 0 0 0 0 0 0 0 0 0 0 0 0 0 0 0 0 0
1 1 1 1 1 1 1 1 1 1 1 1 1 1 1 1 1 1 1 1 1 1 1 1 1 1 0 0 0 0 0 0 0 0 0 0 0 0 0 0 0 0 0 0 0 0 0 0 0 0 0 0 0 0 0 0 0 0 0 0 0 0 0 0
1 1 1 1 1 1 1 1 1 1 1 1 1 1 1 1 1 1 1 1 1 1 1 1 1 1 0 0 0 0 0 0 0 0 0 0 0 0 0 0 0 0 0 0 0 0 0 0 0 0 0 0 0 0 0 0 0 0 0 0 0 0 0 0
1 1 1 1 1 1 1 1 1 1 1 1 1 1 1 1 1 1 1 1 1 1 1 1 1 1 0 0 0 0 0 0 0 0 0 0 0 0 0 0 0 0 0 0 0 0 0 0 0 0 0 0 0 0 0 0 0 0 0 0 0 0 0 0
0 0 0 0 0 0 0 0 0 0 0 0 0 0 0 0 0 0 0 0 0 0 0 0 0 0 0 0 0 0 0 0 0 0 0 0 0 0 0 0 0 0 0 0 0 0 0 0 0 0 0 0 0 0 0 0 0 0 0 0 0 0 0 0
0 0 0 0 0 0 0 0 0 0 0 0 0 0 0 0 0 0 0 0 0 0 0 0 0 0 0 0 0 0 0 0 0 0 0 0 0 0 0 0 0 0 0 0 0 0 0 0 0 0 0 0 0 0 0 0 0 0 0 0 0 0 0 0
0 0 0 0 0 0 0 0 0 0 0 0 0 0 0 0 0 0 0 0 0 0 0 0 0 0 0 0 0 0 0 0 0 0 0 0 0 0 0 0 0 0 0 0 0 0 0 0 0 0 0 0 0 0 0 0 0 0 0 0 0 0 0 0
0 0 0 0 0 0 0 0 0 0 0 0 0 0 0 0 0 0 0 0 0 0 0 0 0 0 0 0 0 0 0 0 0 0 0 0 0 0 0 0 0 0 0 0 0 0 0 0 0 0 0 0 0 0 0 0 0 0 0 0 0 0 0 0
0 0 0 0 0 0 0 0 0 0 0 0 0 0 0 0 0 0 0 0 0 0 0 0 0 0 0 0 0 0 0 0 0 0 0 0 0 0 0 0 0 0 0 0 0 0 0 0 0 0 0 0 0 0 0 0 0 0 0 0 0 0 0 0
0 0 0 0 0 0 0 0 0 0 0 0 0 0 0 0 0 0 0 0 0 0 0 0 0 0 0 0 0 0 0 0 0 0 0 0 0 0 0 0 0 0 0 0 0 0 0 0 0 0 0 0 0 0 0 0 0 0 0 0 0 0 0 0
0 0 0 0 0 0 0 0 0 0 0 0 0 0 0 0 0 0 0 0 0 0 0 0 0 0 0 0 0 0 0 0 0 0 0 0 0 0 0 0 0 0 0 0 0 0 0 0 0 0 0 0 0 0 0 0 0 0 0 0 0 0 0 0
0 0 0 0 0 0 0 0 0 0 0 0 0 0 0 0 0 0 0 0 0 0 0 0 0 0 0 0 0 0 0 0 0 0 0 0 0 0 0 0 0 0 0 0 0 0 0 0 0 0 0 0 0 0 0 0 0 0 0 0 0 0 0 0
0 0 0 0 0 0 0 0 0 0 0 0 0 0 0 0 0 0 0 0 0 0 0 0 0 0 0 0 0 0 0 0 0 0 0 0 0 0 0 0 0 0 0 0 0 0 0 0 0 0 0 0 0 0 0 0 0 0 0 0 0 0 0 0
0 0 0 0 0 0 0 0 0 0 0 0 0 0 0 0 0 0 0 0 0 0 0 0 0 0 0 0 0 0 0 0 0 0 0 0 0 0 0 0 0 0 0 0 0 0 0 0 0 0 0 0 0 0 0 0 0 0 0 0 0 0 0 0
0 0 0 0 0 0 0 0 0 0 0 0 0 0 0 0 0 0 0 0 0 0 0 0 0 0 0 0 0 0 0 0 0 0 0 0 0 0 0 0 0 0 0 0 0 0 0 0 0 0 0 0 0 0 0 0 0 0 0 0 0 0 0 0
0 0 0 0 0 0 0 0 0 0 0 0 0 0 0 0 0 0 0 0 0 0 0 0 0 0 0 0 0 0 0 0 0 0 0 0 0 0 0 0 0 0 0 0 0 0 0 0 0 0 0 0 0 0 0 0 0 0 0 0 0 0 0 0
0 0 0 0 0 0 0 0 0 0 0 0 0 0 0 0 0 0 0 0 0 0 0 0 0 0 0 0 0 0 0 0 0 0 0 0 0 0 0 0 0 0 0 0 0 0 0 0 0 0 0 0 0 0 0 0 0 0 0 0 0 0 0 0
0 0 0 0 0 0 0 0 0 0 0 0 0 0 0 0 0 0 0 0 0 0 0 0 0 0 0 0 0 0 0 0 0 0 0 0 0 0 0 0 0 0 0 0 0 0 0 0 0 0 0 0 0 0 0 0 0 0 0 0 0 0 0 0
0 0 0 0 0 0 0 0 0 0 0 0 0 0 0 0 0 0 0 0 0 0 0 0 0 0 0 0 0 0 0 0 0 0 0 0 0 0 0 0 0 0 0 0 0 0 0 0 0 0 0 0 0 0 0 0 0 0 0 0 0 0 0 0
0 0 0 0 0 0 0 0 0 0 0 0 0 0 0 0 0 0 0 0 0 0 0 0 0 0 0 0 0 0 0 0 0 0 0 0 0 0 0 0 0 0 0 0 0 0 0 0 0 0 0 0 0 0 0 0 0 0 0 0 0 0 0 0
0 0 0 0 0 0 0 0 0 0 0 0 0 0 0 0 0 0 0 0 0 0 0 0 0 0 0 0 0 0 0 0 0 0 0 0 0 0 0 0 0 0 0 0 0 0 0 0 0 0 0 0 0 0 0 0 0 0 0 0 0 0 0 0
0 0 0 0 0 0 0 0 0 0 0 0 0 0 0 0 0 0 0 0 0 0 0 0 0 0 0 0 0 0 0 0 0 0 0 0 0 0 0 0 0 0 0 0 0 0 0 0 0 0 0 0 0 0 0 0 0 0 0 0 0 0 0 0
0 0 0 0 0 0 0 0 0 0 0 0 0 0 0 0 0 0 0 0 0 0 0 0 0 0 0 0 0 0 0 0 0 0 0 0 0 0 0 0 0 0 0 0 0 0 0 0 0 0 0 0 0 0 0 0 0 0 0 0 0 0 0 0
0 0 0 0 0 0 0 0 0 0 0 0 0 0 0 0 0 0 0 0 0 0 0 0 0 0 0 0 0 0 0 0 0 0 0 0 0 0 0 0 0 0 0 0 0 0 0 0 0 0 0 0 0 0 0 0 0 0 0 0 0 0 0 0
0 0 0 0 0 0 0 0 0 0 0 0 0 0 0 0 0 0 0 0 0 0 0 0 0 0 0 0 0 0 0 0 0 0 0 0 0 0 0 0 0 0 0 0 0 0 0 0 0 0 0 0 0 0 0 0 0 0 0 0 0 0 0 0
0 0 0 0 0 0 0 0 0 0 0 0 0 0 0 0 0 0 0 0 0 0 0 0 0 0 0 0 0 0 0 0 0 0 0 0 0 0 0 0 0 0 0 0 0 0 0 0 0 0 0 0 0 0 0 0 0 0 0 0 0 0 0 0
0 0 0 0 0 0 0 0 0 0 0 0 0 0 0 0 0 0 0 0 0 0 0 0 0 0 0 0 0 0 0 0 0 0 0 0 0 0 0 0 0 0 0 0 0 0 0 0 0 0 0 0 0 0 0 0 0 0 0 0 0 0 0 0
0 0 0 0 0 0 0 0 0 0 0 0 0 0 0 0 0 0 0 0 0 0 0 0 0 0 0 0 0 0 0 0 0 0 0 0 0 0 0 0 0 0 0 0 0 0 0 0 0 0 0 0 0 0 0 0 0 0 0 0 0 0 0 0
0 0 0 0 0 0 0 0 0 0 0 0 0 0 0 0 0 0 0 0 0 0 0 0 0 0 0 0 0 0 0 0 0 0 0 0 0 0 0 0 0 0 0 0 0 0 0 0 0 0 0 0 0 0 0 0 0 0 0 0 0 0 0 0
0 0 0 0 0 0 0 0 0 0 0 0 0 0 0 0 0 0 0 0 0 0 0 0 0 0 0 0 0 0 0 0 0 0 0 0 0 0 0 0 0 0 0 0 0 0 0 0 0 0 0 0 0 0 0 0 0 0 0 0 0 0 0 0
0 0 0 0 0 0 0 0 0 0 0 0 0 0 0 0 0 0 0 0 0 0 0 0 0 0 0 0 0 0 0 0 0 0 0 0 0 0 0 0 0 0 0 0 0 0 0 0 0 0 0 0 0 0 0 0 0 0 0 0 0 0 0 0
0 0 0 0 0 0 0 0 0 0 0 0 0 0 0 0 0 0 0 0 0 0 0 0 0 0 0 0 0 0 0 0 0 0 0 0 0 0 0 0 0 0 0 0 0 0 0 0 0 0 0 0 0 0 0 0 0 0 0 0 0 0 0 0
0 0 0 0 0 0 0 0 0 0 0 0 0 0 0 0 0 0 0 0 0 0 0 0 0 0 0 0 0 0 0 0 0 0 0 0 0 0 0 0 0 0 0 0 0 0 0 0 0 0 0 0 0 0 0 0 0 0 0 0 0 0 0 0
0 0 0 0 0 0 0 0 0 0 0 0 0 0 0 0 0 0 0 0 0 0 0 0 0 0 0 0 0 0 0 0 0 0 0 0 0 0 0 0 0 0 0 0 0 0 0 0 0 0 0 0 0 0 0 0 0 0 0 0 0 0 0 0
0 0 0 0 0 0 0 0 0 0 0 0 0 0 0 0 0 0 0 0 0 0 0 0 0 0 0 0 0 0 0 0 0 0 0 0 0 0 0 0 0 0 0 0 0 0 0 0 0 0 0 0 0 0 0 0 0 0 0 0 0 0 0 0
0 0 0 0 0 0 0 0 0 0 0 0 0 0 0 0 0 0 0 0 0 0 0 0 0 0 0 0 0 0 0 0 0 0 0 0 0 0 0 0 0 0 0 0 0 0 0 0 0 0 0 0 0 0 0 0 0 0 0 0 0 0 0 0
0 0 0 0 0 0 0 0 0 0 0 0 0 0 0 0 0 0 0 0 0 0 0 0 0 0 0 0 0 0 0 0 0 0 0 0 0 0 0 0 0 0 0 0 0 0 0 0 0 0 0 0 0 0 0 0 0 0 0 0 0 0 0 0
0 0 0 0 0 0 0 0 0 0 0 0 0 0 0 0 0 0 0 0 0 0 0 0 0 0 0 0 0 0 0 0 0 0 0 0 0 0 0 0 0 0 0 0 0 0 0 0 0 0 0 0 0 0 0 0 0 0 0 0 0 0 0 0
0 0 0 0 0 0 0 0 0 0 0 0 0 0 0 0 0 0 0 0 0 0 0 0 0 0 0 0 0 0 0 0 0 0 0 0 0 0 0 0 0 0 0 0 0 0 0 0 0 0 0 0 0 0 0 0 0 0 0 0 0 0 0 0
0 0 0 0 0 0 0 0 0 0 0 0 0 0 0 0 0 0 0 0 0 0 0 0 0 0 0 0 0 0 0 0 0 0 0 0 0 0 0 0 0 0 0 0 0 0 0 0 0 0 0 0 0 0 0 0 0 0 0 0 0 0 0 0
0 0 0 0 0 0 0 0 0 0 0 0 0 0 0 0 0 0 0 0 0 0 0 0 0 0 0 0 0 0 0 0 0 0 0 0 0 0 0 0 0 0 0 0 0 0 0 0 0 0 0 0 0 0 0 0 0 0 0 0 0 0 0 0
0 0 0 0 0 0 0 0 0 0 0 0 0 0 0 0 0 0 0 0 0 0 0 0 0 0 0 0 0 0 0 0 0 0 0 0 0 0 0 0 0 0 0 0 0 0 0 0 0 0 0 0 0 0 0 0 0 0 0 0 0 0 0 0
0 100000 25000 11111 6250 4000 2778 2041 1562 1235 1000 826 694 592 510 444 391 346 309 277 250 227 207 189 174 160 148 137 128 119 111 104 98 104 111 119 128 137 148 160 174 189 207 227 250 277 309 346 391 444 510 592 694 826 1000 1235 1562 2041 2778 4000 6250 11111 25000 100000
100000 0 100000 25000 11111 6250 4000 2778 2041 1562 1235 1000 826 694 592 510 444 391 346 309 277 250 227 207 189 174 160 148 137 128 119 111 104 98 104 111 119 128 137 148 160 174 189 207 227 250 277 309 346 391 444 510 592 694 826 1000 1235 1562 2041 2778 4000 6250 11111 25000
25000 100000 0 100000 25000 11111 6250 4000 2778 2041 1562 1235 1000 826 694 592 510 444 391 346 309 277 250 227 207 189 174 160 148 137 128 119 111 104 98 104 111 119 128 137 148 160 174 189 207 227 250 277 309 346 391 444 510 592 694 826 1000 1235 1562 2041 2778 4000 6250 11111
11111 25000 100000 0 100000 25000 11111 6250 4000 2778 2041 1562 1235 1000 826 694 592 510 444 391 346 309 277 250 227 207 189 174 160 148 137 128 119 111 104 98 104 111 119 128 137 148 160 174 189 207 227 250 277 309 346 391 444 510 592 694 826 1000 1235 1562 2041 2778 4000 6250
6250 11111 25000 100000 0 100000 25000 11111 6250 4000 2778 2041 1562 1235 1000 826 694 592 510 444 391 346 309 277 250 227 207 189 174 160 148 137 128 119 111 104 98 104 111 119 128 137 148 160 174 189 207 227 250 277 309 346 391 444 510 592 694 826 1000 1235 1562 2041 2778 4000
4000 6250 11111 25000 100000 0 100000 25000 11111 6250 4000 2778 2041 1562 1235 1000 826 694 592 510 444 391 346 309 277 250 227 207 189 174 160 148 137 128 119 111 104 98 104 111 119 128 137 148 160 174 189 207 227 250 277 309 346 391 444 510 592 694 826 1000 1235 1562 2041 2778
2778 4000 6250 11111 25000 100000 0 100000 25000 11111 6250 4000 2778 2041 1562 1235 1000 826 694 592 510 444 391 346 309 277 250 227 207 189 174 160 148 137 128 119 111 104 98 104 111 119 128 137 148 160 174 189 207 227 250 277 309 346 391 444 510 592 694 826 1000 1235 1562 2041
2041 2778 4000 6250 11111 25000 100000 0 100000 25000 11111 6250 4000 2778 2041 1562 1235 1000 826 694 592 510 444 391 346 309 277 250 227 207 189 174 160 148 137 128 119 111 104 98 104 111 119 128 137 148 160 174 189 207 227 250 277 309 346 391 444 510 592 694 826 1000 1235 1562
1562 2041 2778 4000 6250 11111 25000 100000 0 100000 25000 11111 6250 4000 2778 2041 1562 1235 1000 826 694 592 510 444 391 346 309 277 250 227 207 189 174 160 148 137 128 119 111 104 98 104 111 119 128 137 148 160 174 189 207 227 250 277 309 346 391 444 510 592 694 826 1000 1235
1235 1562 2041 2778 4000 6250 11111 25000 100000 0 100000 25000 11111 6250 4000 2778 2041 1562 1235 1000 826 694 592 510 444 391 346 309 277 250 227 207 189 174 160 148 137 128 119 111 104 98 104 111 119 128 137 148 160 174 189 207 227 250 277 309 346 391 444 510 592 694 826 1000
1000 1235 1562 2041 2778 4000 6250 11111 25000 100000 0 100000 25000 11111 6250 4000 2778 2041 1562 1235 1000 826 694 592 510 444 391 346 309 277 250 227 207 189 174 160 148 137 128 119 111 104 98 104 111 119 128 137 148 160 174 189 207 227 250 277 309 346 391 444 510 592 694 826
826 1000 1235 1562 2041 2778 4000 6250 11111 25000 100000 0 100000 25000 11111 6250 4000 2778 2041 1562 1235 1000 826 694 592 510 444 391 346 309 277 250 227 207 189 174 160 148 137 128 119 111 104 98 104 111 119 128 137 148 160 174 189 207 227 250 277 309 346 391 444 510 592 694
694 826 1000 1235 1562 2041 2778 4000 6250 11111 25000 100000 0 100000 25000 11111 6250 4000 2778 2041 1562 1235 1000 826 694 592 510 444 391 346 309 277 250 227 207 189 174 160 148 137 128 119 111 104 98 104 111 119 128 137 148 160 174 189 207 227 250 277 309 346 391 444 510 592
592 694 826 1000 1235 1562 2041 2778 4000 6250 11111 25000 100000 0 100000 25000 11111 6250 4000 2778 2041 1562 1235 1000 826 694 592 510 444 391 346 309 277 250 227 207 189 174 160 148 137 128 119 111 104 98 104 111 119 128 137 148 160 174 189 207 227 250 277 309 346 391 444 510
510 592 694 826 1000 1235 1562 2041 2778 4000 6250 11111 25000 100000 0 100000 25000 11111 6250 4000 2778 2041 1562 1235 1000 826 694 592 510 444 391 346 309 277 250 227 207 189 174 160 148 137 128 119 111 104 98 104 111 119 128 137 148 160 174 189 207 227 250 277 309 346 391 444
444 510 592 694 826 1000 1235 1562 2041 2778 4000 6250 11111 25000 100000 0 100000 25000 11111 6250 4000 2778 2041 1562 1235 1000 826 694 592 510 444 391 346 309 277 250 227 207 189 174 160 148 137 128 119 111 104 98 104 111 119 128 137 148 160 174 189 207 227 250 277 309 346 391
391 444 510 592 694 826 1000 1235 1562 2041 2778 4000 6250 11111 25000 100000 0 100000 25000 11111 6250 4000 2778 2041 1562 1235 1000 826 694 592 510 444 391 346 309 277 250 227 207 189 174 160 148 137 128 119 111 104 98 104 111 119 128 137 148 160 174 189 207 227 250 277 309 346
346 391 444 510 592 694 826 1000 1235 1562 2041 2778 4000 6250 11111 25000 100000 0 100000 25000 11111 6250 4000 2778 2041 1562 1235 1000 826 694 592 510 444 391 346 309 277 250 227 207 189 174 160 148 137 128 119 111 104 98 104 111 119 128 137 148 160 174 189 207 227 250 277 309
309 346 391 444 510 592 694 826 1000 1235 1562 2041 2778 4000 6250 11111 25000 100000 0 100000 25000 11111 6250 4000 2778 2041 1562 1235 1000 826 694 592 510 444 391 346 309 277 250 227 207 189 174 160 148 137 128 119 111 104 98 104 111 119 128 137 148 160 174 189 207 227 250 277
277 309 346 391 444 510 592 694 826 1000 1235 1562 2041 2778 4000 6250 11111 25000 100000 0 100000 25000 11111 6250 4000 2778 2041 1562 1235 1000 826 694 592 510 444 391 346 309 277 250 227 207 189 174 160 148 137 128 119 111 104 98 104 111 119 128 137 148 160 174 189 207 227 250
250 277 309 346 391 444 510 592 694 826 1000 1235 1562 2041 2778 4000 6250 11111 25000 100000 0 100000 25000 11111 6250 4000 2778 2041 1562 1235 1000 826 694 592 510 444 391 346 309 277 250 227 207 189 174 160 148 137 128 119 111 104 98 104 111 119 128 137 148 160 174 189 207 227
227 250 277 309 346 391 444 510 592 694 826 1000 1235 1562 2041 2778 4000 6250 11111 25000 100000 0 100000 25000 11111 6250 4000 2778 2041 1562 1235 1000 826 694 592 510 444 391 346 309 277 250 227 207 189 174 160 148 137 128 119 111 104 98 104 111 119 128 137 148 160 174 189 207
207 227 250 277 309 346 391 444 510 592 694 826 1000 1235 1562 2041 2778 4000 6250 11111 25000 100000 0 100000 25000 11111 6250 4000 2778 2041 1562 1235 1000 826 694 592 510 444 391 346 309 277 250 227 207 189 174 160 148 137 128 119 111 104 98 104 111 119 128 137 148 160 174 189
189 207 227 250 277 309 346 391 444 510 592 694 826 1000 1235 1562 2041 2778 4000 6250 11111 25000 100000 0 100000 25000 11111 6250 4000 2778 2041 1562 1235 1000 826 694 592 510 444 391 346 309 277 250 227 207 189 174 160 148 137 128 119 111 104 98 104 111 119 128 137 148 160 174
174 189 207 227 250 277 309 346 391 444 510 592 694 826 1000 1235 1562 2041 2778 4000 6250 11111 25000 100000 0 100000 25000 11111 6250 4000 2778 2041 1562 1235 1000 826 694 592 510 444 391 346 309 277 250 227 207 189 174 160 148 137 128 119 111 104 98 104 111 119 128 137 148 160
160 174 189 207 227 250 277 309 346 391 444 510 592 694 826 1000 1235 1562 2041 2778 4000 6250 11111 25000 100000 0 100000 25000 11111 6250 4000 2778 2041 1562 1235 1000 826 694 592 510 444 391 346 309 277 250 227 207 189 174 160 148 137 128 119 111 104 98 104 111 119 128 137 148
148 160 174 189 207 227 250 277 309 346 391 444 510 592 694 826 1000 1235 1562 2041 2778 4000 6250 11111 25000 100000 0 100000 25000 11111 6250 4000 2778 2041 1562 1235 1000 826 694 592 510 444 391 346 309 277 250 227 207 189 174 160 148 137 128 119 111 104 98 104 111 119 128 137
137 148 160 174 189 207 227 250 277 309 346 391 444 510 592 694 826 1000 1235 1562 2041 2778 4000 6250 11111 25000 100000 0 100000 25000 11111 6250 4000 2778 2041 1562 1235 1000 826 694 592 510 444 391 346 309 277 250 227 207 189 174 160 148 137 128 119 111 104 98 104 111 119 128
128 137 148 160 174 189 207 227 250 277 309 346 391 444 510 592 694 826 1000 1235 1562 2041 2778 4000 6250 11111 25000 100000 0 100000 25000 11111 6250 4000 2778 2041 1562 1235 1000 826 694 592 510 444 391 346 309 277 250 227 207 189 174 160 148 137 128 119 111 104 98 104 111 119
119 128 137 148 160 174 189 207 227 250 277 309 346 391 444 510 592 694 826 1000 1235 1562 2041 2778 4000 6250 11111 25000 100000 0 100000 25000 11111 6250 4000 2778 2041 1562 1235 1000 826 694 592 510 444 391 346 309 277 250 227 207 189 174 160 148 137 128 119 111 104 98 104 111
111 119 128 137 148 160 174 189 207 227 250 277 309 346 391 444 510 592 694 826 1000 1235 1562 2041 2778 4000 6250 11111 25000 100000 0 100000 25000 11111 6250 4000 2778 2041 1562 1235 1000 826 694 592 510 444 391 346 309 277 250 227 207 189 174 160 148 137 128 119 111 104 98 104
104 111 119 128 137 148 160 174 189 207 227 250 277 309 346 391 444 510 592 694 826 1000 1235 1562 2041 2778 4000 6250 11111 25000 100000 0 100000 25000 11111 6250 4000 2778 2041 1562 1235 1000 826 694 592 510 444 391 346 309 277 250 227 207 189 174 160 148 137 128 119 111 104 98
98 104 111 119 128 137 148 160 174 189 207 227 250 277 309 346 391 444 510 592 694 826 1000 1235 1562 2041 2778 4000 6250 11111 25000 100000 0 100000 25000 11111 6250 4000 2778 2041 1562 1235 1000 826 694 592 510 444 391 346 309 277 250 227 207 189 174 160 148 137 128 119 111 104
104 98 104 111 119 128 137 148 160 174 189 207 227 250 277 309 346 391 444 510 592 694 826 1000 1235 1562 2041 2778 4000 6250 11111 25000 100000 0 100000 25000 11111 6250 4000 2778 2041 1562 1235 1000 826 694 592 510 444 391 346 309 277 250 227 207 189 174 160 148 137 128 119 111
111 104 98 104 111 119 128 137 148 160 174 189 207 227 250 277 309 346 391 444 510 592 694 826 1000 1235 1562 2041 2778 4000 6250 11111 25000 100000 0 100000 25000 11111 6250 4000 2778 2041 1562 1235 1000 826 694 592 510 444 391 346 309 277 250 227 207 189 174 160 148 137 128 119
119 111 104 98 104 111 119 128 137 148 160 174 189 207 227 250 277 309 346 391 444 510 592 694 826 1000 1235 1562 2041 2778 4000 6250 11111 25000 100000 0 100000 25000 11111 6250 4000 2778 2041 1562 1235 1000 826 694 592 510 444 391 346 309 277 250 227 207 189 174 160 148 137 128
128 119 111 104 98 104 111 119 128 137 148 160 174 189 207 227 250 277 309 346 391 444 510 592 694 826 1000 1235 1562 2041 2778 4000 6250 11111 25000 100000 0 100000 25000 11111 6250 4000 2778 2041 1562 1235 1000 826 694 592 510 444 391 346 309 277 250 227 207 189 174 160 148 137
137 128 119 111 104 98 104 111 119 128 137 148 160 174 189 207 227 250 277 309 346 391 444 510 592 694 826 1000 1235 1562 2041 2778 4000 6250 11111 25000 100000 0 100000 25000 11111 6250 4000 2778 2041 1562 1235 1000 826 694 592 510 444 391 346 309 277 250 227 207 189 174 160 148
148 137 128 119 111 104 98 104 111 119 128 137 148 160 174 189 207 227 250 277 309 346 391 444 510 592 694 826 1000 1235 1562 2041 2778 4000 6250 11111 25000 100000 0 100000 25000 11111 6250 4000 2778 2041 1562 1235 1000 826 694 592 510 444 391 346 309 277 250 227 207 189 174 160
160 148 137 128 119 111 104 98 104 111 119 128 137 148 160 174 189 207 227 250 277 309 346 391 444 510 592 694 826 1000 1235 1562 2041 2778 4000 6250 11111 25000 100000 0 100000 25000 11111 6250 4000 2778 2041 1562 1235 1000 826 694 592 510 444 391 346 309 277 250 227 207 189 174
174 160 148 137 128 119 111 104 98 104 111 119 128 137 148 160 174 189 207 227 250 277 309 346 391 444 510 592 694 826 1000 1235 1562 2041 2778 4000 6250 11111 25000 100000 0 100000 25000 11111 6250 4000 2778 2041 1562 1235 1000 826 694 592 510 444 391 346 309 277 250 227 207 189
189 174 160 148 137 128 119 111 104 98 104 111 119 128 137 148 160 174 189 207 227 250 277 309 346 391 444 510 592 694 826 1000 1235 1562 2041 2778 4000 6250 11111 25000 100000 0 100000 25000 11111 6250 4000 2778 2041 1562 1235 1000 826 694 592 510 444 391 346 309 277 250 227 207
207 189 174 160 148 137 128 119 111 104 98 104 111 119 128 137 148 160 174 189 207 227 250 277 309 346 391 444 510 592 694 826 1000 1235 1562 2041 2778 4000 6250 11111 25000 100000 0 100000 25000 11111 6250 4000 2778 2041 1562 1235 1000 826 694 592 510 444 391 346 309 277 250 227
227 207 189 174 160 148 137 128 119 111 104 98 104 111 119 128 137 148 160 174 189 207 227 250 277 309 346 391 444 510 592 694 826 1000 1235 1562 2041 2778 4000 6250 11111 25000 100000 0 100000 25000 11111 6250 4000 2778 2041 1562 1235 1000 826 694 592 510 444 391 346 309 277 250
250 227 207 189 174 160 148 137 128 119 111 104 98 104 111 119 128 137 148 160 174 189 207 227 250 277 309 346 391 444 510 592 694 826 1000 1235 1562 2041 2778 4000 6250 11111 25000 100000 0 100000 25000 11111 6250 4000 2778 2041 1562 1235 1000 826 694 592 510 444 391 346 309 277
277 250 227 207 189 174 160 148 137 128 119 111 104 98 104 111 119 128 137 148 160 174 189 207 227 250 277 309 346 391 444 510 592 694 826 1000 1235 1562 2041 2778 4000 6250 11111 25000 100000 0 100000 25000 11111 6250 4000 2778 2041 1562 1235 1000 826 694 592 510 444 391 346 309
309 277 250 227 207 189 174 160 148 137 128 119 111 104 98 104 111 119 128 137 148 160 174 189 207 227 250 277 309 346 391 444 510 592 694 826 1000 1235 1562 2041 2778 4000 6250 11111 25000 100000 0 100000 25000 11111 6250 4000 2778 2041 1562 1235 1000 826 694 592 510 444 391 346
346 309 277 250 227 207 189 174 160 148 137 128 119 111 104 98 104 111 119 128 137 148 160 174 189 207 227 250 277 309 346 391 444 510 592 694 826 1000 1235 1562 2041 2778 4000 6250 11111 25000 100000 0 100000 25000 11111 6250 4000 2778 2041 1562 1235 1000 826 694 592 510 444 391
391 346 309 277 250 227 207 189 174 160 148 137 128 119 111 104 98 104 111 119 128 137 148 160 174 189 207 227 250 277 309 346 391 444 510 592 694 826 1000 1235 1562 2041 2778 4000 6250 11111 25000 100000 0 100000 25000 11111 6250 4000 2778 2041 1562 1235 1000 826 694 592 510 444
444 391 346 309 277 250 227 207 189 174 160 148 137 128 119 111 104 98 104 111 119 128 137 148 160 174 189 207 227 250 277 309 346 391 444 510 592 694 826 1000 1235 1562 2041 2778 4000 6250 11111 25000 100000 0 100000 25000 11111 6250 4000 2778 2041 1562 1235 1000 826 694 592 510
510 444 391 346 309 277 250 227 207 189 174 160 148 137 128 119 111 104 98 104 111 119 128 137 148 160 174 189 207 227 250 277 309 346 391 444 510 592 694 826 1000 1235 1562 2041 2778 4000 6250 11111 25000 100000 0 100000 25000 11111 6250 4000 2778 2041 1562 1235 1000 826 694 592
592 510 444 391 346 309 277 250 227 207 189 174 160 148 137 128 119 111 104 98 104 111 119 128 137 148 160 174 189 207 227 250 277 309 346 391 444 510 592 694 826 1000 1235 1562 2041 2778 4000 6250 11111 25000 100000 0 100000 25000 11111 6250 4000 2778 2041 1562 1235 1000 826 694
694 592 510 444 391 346 309 277 250 227 207 189 174 160 148 137 128 119 111 104 98 104 111 119 128 137 148 160 174 189 207 227 250 277 309 346 391 444 510 592 694 826 1000 1235 1562 2041 2778 4000 6250 11111 25000 100000 0 100000 25000 11111 6250 4000 2778 2041 1562 1235 1000 826
826 694 592 510 444 391 346 309 277 250 227 207 189 174 160 148 137 128 119 111 104 98 104 111 119 128 137 148 160 174 189 207 227 250 277 309 346 391 444 510 592 694 826 1000 1235 1562 2041 2778 4000 6250 11111 25000 100000 0 100000 25000 11111 6250 4000 2778 2041 1562 1235 1000
1000 826 694 592 510 444 391 346 309 277 250 227 207 189 174 160 148 137 128 119 111 104 98 104 111 119 128 137 148 160 174 189 207 227 250 277 309 346 391 444 510 592 694 826 1000 1235 1562 2041 2778 4000 6250 11111 25000 100000 0 100000 25000 11111 6250 4000 2778 2041 1562 1235
1235 1000 826 694 592 510 444 391 346 309 277 250 227 207 189 174 160 148 137 128 119 111 104 98 104 111 119 128 137 148 160 174 189 207 227 250 277 309 346 391 444 510 592 694 826 1000 1235 1562 2041 2778 4000 6250 11111 25000 100000 0 100000 25000 11111 6250 4000 2778 2041 1562
1562 1235 1000 826 694 592 510 444 391 346 309 277 250 227 207 189 174 160 148 137 128 119 111 104 98 104 111 119 128 137 148 160 174 189 207 227 250 277 309 346 391 444 510 592 694 826 1000 1235 1562 2041 2778 4000 6250 11111 25000 100000 0 100000 25000 11111 6250 4000 2778 2041
2041 1562 1235 1000 826 694 592 510 444 391 346 309 277 250 227 207 189 174 160 148 137 128 119 111 104 98 104 111 119 128 137 148 160 174 189 207 227 250 277 309 346 391 444 510 592 694 826 1000 1235 1562 2041 2778 4000 6250 11111 25000 100000 0 100000 25000 11111 6250 4000 2778
2778 2041 1562 1235 1000 826 694 592 510 444 391 346 309 277 250 227 207 189 174 160 148 137 128 119 111 104 98 104 111 119 128 137 148 160 174 189 207 227 250 277 309 346 391 444 510 592 694 826 1000 1235 1562 2041 2778 4000 6250 11111 25000 100000 0 100000 25000 11111 6250 4000
4000 2778 2041 1562 1235 1000 826 694 592 510 444 391 346 309 277 250 227 207 189 174 160 148 137 128 119 111 104 98 104 111 119 128 137 148 160 174 189 207 227 250 277 309 346 391 444 510 592 694 826 1000 1235 1562 2041 2778 4000 6250 11111 25000 100000 0 100000 25000 11111 6250
6250 4000 2778 2041 1562 1235 1000 826 694 592 510 444 391 346 309 277 250 227 207 189 174 160 148 137 128 119 111 104 98 104 111 119 128 137 148 160 174 189 207 227 250 277 309 346 391 444 510 592 694 826 1000 1235 1562 2041 2778 4000 6250 11111 25000 100000 0 100000 25000 11111
11111 6250 4000 2778 2041 1562 1235 1000 826 694 592 510 444 391 346 309 277 250 227 207 189 174 160 148 137 128 119 111 104 98 104 111 119 128 137 148 160 174 189 207 227 250 277 309 346 391 444 510 592 694 826 1000 1235 1562 2041 2778 4000 6250 11111 25000 100000 0 100000 25000
25000 11111 6250 4000 2778 2041 1562 1235 1000 826 694 592 510 444 391 346 309 277 250 227 207 189 174 160 148 137 128 119 111 104 98 104 111 119 128 137 148 160 174 189 207 227 250 277 309 346 391 444 510 592 694 826 1000 1235 1562 2041 2778 4000 6250 11111 25000 100000 0 100000
100000 25000 11111 6250 4000 2778 2041 1562 1235 1000 826 694 592 510 444 391 346 309 277 250 227 207 189 174 160 148 137 128 119 111 104 98 104 111 119 128 137 148 160 174 189 207 227 250 277 309 346 391 444 510 592 694 826 1000 1235 1562 2041 2778 4000 6250 11111 25000 100000 0
